; Generated by Rgadget 0.5
; -- data --
; year	step	area	fleet	total_weight
40	1	1	comhad	0
40	2	1	comhad	0
40	3	1	comhad	0
40	4	1	comhad	0
40	5	1	comhad	0
41	1	1	comhad	0
41	2	1	comhad	0
41	3	1	comhad	0
41	4	1	comhad	0
41	5	1	comhad	0
42	1	1	comhad	0
42	2	1	comhad	0
42	3	1	comhad	0
42	4	1	comhad	0
42	5	1	comhad	0
43	1	1	comhad	0
43	2	1	comhad	0
43	3	1	comhad	0
43	4	1	comhad	0
43	5	1	comhad	0
44	1	1	comhad	0
44	2	1	comhad	0
44	3	1	comhad	0
44	4	1	comhad	0
44	5	1	comhad	0
45	1	1	comhad	0
45	2	1	comhad	0
45	3	1	comhad	0
45	4	1	comhad	0
45	5	1	comhad	0
46	1	1	comhad	0
46	2	1	comhad	0
46	3	1	comhad	0
46	4	1	comhad	0
46	5	1	comhad	0
47	1	1	comhad	0
47	2	1	comhad	0
47	3	1	comhad	0
47	4	1	comhad	0
47	5	1	comhad	0
48	1	1	comhad	0
48	2	1	comhad	0
48	3	1	comhad	0
48	4	1	comhad	0
48	5	1	comhad	0
49	1	1	comhad	0
49	2	1	comhad	0
49	3	1	comhad	0
49	4	1	comhad	0
49	5	1	comhad	0
50	1	1	comhad	0
50	2	1	comhad	0
50	3	1	comhad	0
50	4	1	comhad	0
50	5	1	comhad	0
51	1	1	comhad	0
51	2	1	comhad	0
51	3	1	comhad	0
51	4	1	comhad	0
51	5	1	comhad	0
52	1	1	comhad	0
52	2	1	comhad	0
52	3	1	comhad	0
52	4	1	comhad	0
52	5	1	comhad	0
53	1	1	comhad	0
53	2	1	comhad	0
53	3	1	comhad	0
53	4	1	comhad	0
53	5	1	comhad	0
54	1	1	comhad	0
54	2	1	comhad	0
54	3	1	comhad	0
54	4	1	comhad	0
54	5	1	comhad	0
55	1	1	comhad	99693640.625
55	2	1	comhad	76122703.125
55	3	1	comhad	100659148.4375
55	4	1	comhad	107444000
55	5	1	comhad	105471781.25
56	1	1	comhad	101566187.5
56	2	1	comhad	75646031.25
56	3	1	comhad	79614398.4375
56	4	1	comhad	81599710.9375
56	5	1	comhad	78713281.25
57	1	1	comhad	76749632.8125
57	2	1	comhad	57179460.9375
57	3	1	comhad	56888375
57	4	1	comhad	57626921.875
57	5	1	comhad	56083234.375
58	1	1	comhad	53180644.53125
58	2	1	comhad	40510757.8125
58	3	1	comhad	40727449.21875
58	4	1	comhad	40490859.375
58	5	1	comhad	39480113.28125
59	1	1	comhad	38677718.75
59	2	1	comhad	28834201.171875
59	3	1	comhad	29183447.265625
59	4	1	comhad	29613833.984375
59	5	1	comhad	29460529.296875
60	1	1	comhad	28413832.03125
60	2	1	comhad	21431556.640625
60	3	1	comhad	22317675.78125
60	4	1	comhad	22444339.84375
60	5	1	comhad	21750375
61	1	1	comhad	21134912.109375
61	2	1	comhad	15988933.59375
61	3	1	comhad	16660345.703125
61	4	1	comhad	16595851.5625
61	5	1	comhad	16652693.359375
62	1	1	comhad	16115047.8515625
62	2	1	comhad	12252191.40625
62	3	1	comhad	14019711.9140625
62	4	1	comhad	14591127.9296875
62	5	1	comhad	14565715.8203125
63	1	1	comhad	14115451.171875
63	2	1	comhad	10734468.75
63	3	1	comhad	13176474.609375
63	4	1	comhad	14363153.3203125
63	5	1	comhad	13993016.6015625
64	1	1	comhad	13440209.9609375
64	2	1	comhad	10560327.1484375
64	3	1	comhad	11449559.5703125
64	4	1	comhad	11752781.25
64	5	1	comhad	11221914.0625
65	1	1	comhad	11257793.9453125
65	2	1	comhad	8565619.140625
65	3	1	comhad	9257657.2265625
65	4	1	comhad	9364643.5546875
65	5	1	comhad	9384567.3828125
66	1	1	comhad	8955631.8359375
66	2	1	comhad	6808310.546875
66	3	1	comhad	7829475.09765625
66	4	1	comhad	7971315.4296875
66	5	1	comhad	7913839.84375
67	1	1	comhad	7606834.47265625
67	2	1	comhad	5907204.58984375
67	3	1	comhad	6508459.9609375
67	4	1	comhad	6764039.55078125
67	5	1	comhad	6671700.1953125
68	1	1	comhad	6342878.41796875
68	2	1	comhad	4887808.10546875
68	3	1	comhad	6579807.6171875
68	4	1	comhad	7044722.65625
68	5	1	comhad	7100965.8203125
69	1	1	comhad	6953775.390625
69	2	1	comhad	5429298.33984375
69	3	1	comhad	14756587.890625
69	4	1	comhad	17925804.6875
69	5	1	comhad	18071052.734375
70	1	1	comhad	17845701.171875
70	2	1	comhad	13927187.5
70	3	1	comhad	59566898.4375
70	4	1	comhad	74874570.3125
70	5	1	comhad	74690523.4375
71	1	1	comhad	71702859.375
71	2	1	comhad	57883445.3125
71	3	1	comhad	87739304.6875
71	4	1	comhad	96304179.6875
71	5	1	comhad	95933882.8125
72	1	1	comhad	92050171.875
72	2	1	comhad	71051320.3125
72	3	1	comhad	76997562.5
72	4	1	comhad	79878875
72	5	1	comhad	78690812.5
73	1	1	comhad	75223109.375
73	2	1	comhad	57789484.375
73	3	1	comhad	58879386.71875
73	4	1	comhad	60030746.09375
73	5	1	comhad	57255218.75
74	1	1	comhad	57449453.125
74	2	1	comhad	42607117.1875
74	3	1	comhad	42671933.59375
74	4	1	comhad	43204945.3125
74	5	1	comhad	42211789.0625
75	1	1	comhad	40788925.78125
75	2	1	comhad	30658191.40625
75	3	1	comhad	31894382.8125
75	4	1	comhad	31618482.421875
75	5	1	comhad	31065720.703125
76	1	1	comhad	30874615.234375
76	2	1	comhad	23051041.015625
76	3	1	comhad	23907183.59375
76	4	1	comhad	25011599.609375
76	5	1	comhad	24406027.34375
77	1	1	comhad	24076386.71875
77	2	1	comhad	18277343.75
77	3	1	comhad	19636406.25
77	4	1	comhad	20167207.03125
77	5	1	comhad	19599181.640625
78	1	1	comhad	19598562.5
78	2	1	comhad	15040619.140625
78	3	1	comhad	15983204.1015625
78	4	1	comhad	16720771.484375
78	5	1	comhad	16273436.5234375
79	1	1	comhad	16067058.59375
79	2	1	comhad	12201045.8984375
79	3	1	comhad	13754310.546875
79	4	1	comhad	14154800.78125
79	5	1	comhad	13867390.625
80	1	1	comhad	6919356.93359375
80	2	1	comhad	3654905.02929688
80	3	1	comhad	4558931.15234375
80	4	1	comhad	5044560.546875
80	5	1	comhad	5170399.90234375
81	1	1	comhad	5352284.66796875
81	2	1	comhad	4346361.328125
81	3	1	comhad	5145752.44140625
81	4	1	comhad	5702159.66796875
81	5	1	comhad	5906591.30859375
82	1	1	comhad	6079096.6796875
82	2	1	comhad	4858351.07421875
82	3	1	comhad	9000866.2109375
82	4	1	comhad	10534197.265625
82	5	1	comhad	11115449.21875
83	1	1	comhad	11480489.2578125
83	2	1	comhad	9154798.828125
83	3	1	comhad	28394333.984375
83	4	1	comhad	35587789.0625
83	5	1	comhad	36536675.78125
84	1	1	comhad	37135207.03125
84	2	1	comhad	30581833.984375
84	3	1	comhad	35951878.90625
84	4	1	comhad	38121726.5625
84	5	1	comhad	39959582.03125
85	1	1	comhad	39913464.84375
85	2	1	comhad	32387986.328125
85	3	1	comhad	34041148.4375
85	4	1	comhad	35903808.59375
85	5	1	comhad	36755425.78125
86	1	1	comhad	37306621.09375
86	2	1	comhad	29480478.515625
86	3	1	comhad	30163509.765625
86	4	1	comhad	31553671.875
86	5	1	comhad	32873894.53125
87	1	1	comhad	33760109.375
87	2	1	comhad	26055253.90625
87	3	1	comhad	27343220.703125
87	4	1	comhad	28673974.609375
87	5	1	comhad	29343373.046875
88	1	1	comhad	30081287.109375
88	2	1	comhad	23634757.8125
88	3	1	comhad	26313050.78125
88	4	1	comhad	27906847.65625
88	5	1	comhad	29739234.375
89	1	1	comhad	30058376.953125
89	2	1	comhad	23821947.265625
89	3	1	comhad	35419078.125
89	4	1	comhad	39618562.5
89	5	1	comhad	41791578.125
90	1	1	comhad	42393535.15625
90	2	1	comhad	33425914.0625
90	3	1	comhad	35954445.3125
90	4	1	comhad	39333304.6875
90	5	1	comhad	40355339.84375
91	1	1	comhad	40781050.78125
91	2	1	comhad	32421078.125
91	3	1	comhad	34502414.0625
91	4	1	comhad	36676964.84375
91	5	1	comhad	37590039.0625
92	1	1	comhad	38935488.28125
92	2	1	comhad	30128005.859375
92	3	1	comhad	32007302.734375
92	4	1	comhad	33108695.3125
92	5	1	comhad	34309000
93	1	1	comhad	33841085.9375
93	2	1	comhad	27692417.96875
93	3	1	comhad	29686394.53125
93	4	1	comhad	31252296.875
93	5	1	comhad	32143574.21875
94	1	1	comhad	32058748.046875
94	2	1	comhad	25889517.578125
94	3	1	comhad	27244757.8125
94	4	1	comhad	29005445.3125
94	5	1	comhad	29011833.984375
95	1	1	comhad	30234052.734375
95	2	1	comhad	23825964.84375
95	3	1	comhad	25236935.546875
95	4	1	comhad	26190388.671875
95	5	1	comhad	26993798.828125
96	1	1	comhad	27376751.953125
96	2	1	comhad	21635230.46875
96	3	1	comhad	23350208.984375
96	4	1	comhad	23723046.875
96	5	1	comhad	24076322.265625
97	1	1	comhad	24441457.03125
97	2	1	comhad	19099380.859375
97	3	1	comhad	21179318.359375
97	4	1	comhad	21992173.828125
97	5	1	comhad	22579259.765625
98	1	1	comhad	23117156.25
98	2	1	comhad	18320996.09375
98	3	1	comhad	20220228.515625
98	4	1	comhad	20795546.875
98	5	1	comhad	21639472.65625
99	1	1	comhad	21872632.8125
99	2	1	comhad	16991095.703125
99	3	1	comhad	20149583.984375
99	4	1	comhad	22068408.203125
99	5	1	comhad	22844355.46875
100	1	1	comhad	23313908.203125
100	2	1	comhad	18323351.5625
100	3	1	comhad	35185062.5
100	4	1	comhad	41418687.5
100	5	1	comhad	42040761.71875
101	1	1	comhad	42425808.59375
101	2	1	comhad	34001675.78125
101	3	1	comhad	38916046.875
101	4	1	comhad	42089042.96875
101	5	1	comhad	42671640.625
102	1	1	comhad	43148878.90625
102	2	1	comhad	34226628.90625
102	3	1	comhad	36859167.96875
102	4	1	comhad	38541457.03125
102	5	1	comhad	38868125
103	1	1	comhad	39957906.25
103	2	1	comhad	31634466.796875
103	3	1	comhad	32961664.0625
103	4	1	comhad	34026355.46875
103	5	1	comhad	35255894.53125
104	1	1	comhad	35204457.03125
104	2	1	comhad	27885353.515625
104	3	1	comhad	28174724.609375
104	4	1	comhad	29478000
104	5	1	comhad	31492171.875
105	1	1	comhad	46459078.125
105	2	1	comhad	36293011.71875
105	3	1	comhad	35089855.46875
105	4	1	comhad	36387156.25
105	5	1	comhad	36895656.25
106	1	1	comhad	37809875
106	2	1	comhad	29009617.1875
106	3	1	comhad	29608615.234375
106	4	1	comhad	30734876.953125
106	5	1	comhad	31690335.9375
107	1	1	comhad	32169839.84375
107	2	1	comhad	24966630.859375
107	3	1	comhad	26171556.640625
107	4	1	comhad	27420740.234375
107	5	1	comhad	27682589.84375
108	1	1	comhad	28258654.296875
108	2	1	comhad	21933832.03125
108	3	1	comhad	23524460.9375
108	4	1	comhad	24891062.5
108	5	1	comhad	25964867.1875
109	1	1	comhad	25611152.34375
109	2	1	comhad	19995000
109	3	1	comhad	21075587.890625
109	4	1	comhad	22130949.21875
109	5	1	comhad	22573355.46875
110	1	1	comhad	22488240.234375
110	2	1	comhad	17607994.140625
110	3	1	comhad	19018859.375
110	4	1	comhad	19639488.28125
110	5	1	comhad	19902984.375
111	1	1	comhad	20266750
111	2	1	comhad	15643309.5703125
111	3	1	comhad	17681535.15625
111	4	1	comhad	18533341.796875
111	5	1	comhad	19025056.640625
112	1	1	comhad	18774609.375
112	2	1	comhad	14741112.3046875
112	3	1	comhad	15794594.7265625
112	4	1	comhad	16476730.46875
112	5	1	comhad	17068082.03125
113	1	1	comhad	16786751.953125
113	2	1	comhad	13259278.3203125
113	3	1	comhad	13934039.0625
113	4	1	comhad	14358166.9921875
113	5	1	comhad	15025900.390625
114	1	1	comhad	14671238.28125
114	2	1	comhad	11590883.7890625
114	3	1	comhad	12190300.78125
114	4	1	comhad	13145400.390625
114	5	1	comhad	13162627.9296875
115	1	1	comhad	12979402.34375
115	2	1	comhad	10367403.3203125
115	3	1	comhad	10804617.1875
115	4	1	comhad	11297903.3203125
115	5	1	comhad	11606099.609375
116	1	1	comhad	11351965.8203125
116	2	1	comhad	8740878.90625
116	3	1	comhad	8184560.05859375
116	4	1	comhad	8308788.0859375
116	5	1	comhad	8582294.921875
117	1	1	comhad	8713707.03125
117	2	1	comhad	6619078.61328125
117	3	1	comhad	7626201.66015625
117	4	1	comhad	8046974.12109375
117	5	1	comhad	8033558.10546875
118	1	1	comhad	8027682.12890625
118	2	1	comhad	6395240.234375
118	3	1	comhad	7069366.69921875
118	4	1	comhad	7555957.51953125
118	5	1	comhad	7592059.08203125
119	1	1	comhad	7607398.4375
119	2	1	comhad	5958043.9453125
119	3	1	comhad	6829911.62109375
119	4	1	comhad	7487795.41015625
119	5	1	comhad	7666610.3515625
120	1	1	comhad	7770046.875
120	2	1	comhad	5933231.4453125
120	3	1	comhad	6933774.90234375
120	4	1	comhad	7341445.3125
120	5	1	comhad	7358732.91015625
