; Generated by Rgadget 0.5
; -- data --
; year	step	area	fleet	total_weight
40	1	1	comcap	0
40	2	1	comcap	0
40	3	1	comcap	0
40	4	1	comcap	0
40	5	1	comcap	0
41	1	1	comcap	0
41	2	1	comcap	0
41	3	1	comcap	0
41	4	1	comcap	0
41	5	1	comcap	0
42	1	1	comcap	0
42	2	1	comcap	0
42	3	1	comcap	0
42	4	1	comcap	0
42	5	1	comcap	0
43	1	1	comcap	0
43	2	1	comcap	0
43	3	1	comcap	0
43	4	1	comcap	0
43	5	1	comcap	0
44	1	1	comcap	0
44	2	1	comcap	0
44	3	1	comcap	0
44	4	1	comcap	0
44	5	1	comcap	0
45	1	1	comcap	0
45	2	1	comcap	0
45	3	1	comcap	0
45	4	1	comcap	0
45	5	1	comcap	0
46	1	1	comcap	0
46	2	1	comcap	0
46	3	1	comcap	0
46	4	1	comcap	0
46	5	1	comcap	0
47	1	1	comcap	0
47	2	1	comcap	0
47	3	1	comcap	0
47	4	1	comcap	0
47	5	1	comcap	0
48	1	1	comcap	0
48	2	1	comcap	0
48	3	1	comcap	0
48	4	1	comcap	0
48	5	1	comcap	0
49	1	1	comcap	0
49	2	1	comcap	0
49	3	1	comcap	0
49	4	1	comcap	0
49	5	1	comcap	0
50	1	1	comcap	0
50	2	1	comcap	0
50	3	1	comcap	0
50	4	1	comcap	0
50	5	1	comcap	0
51	1	1	comcap	0
51	2	1	comcap	0
51	3	1	comcap	0
51	4	1	comcap	0
51	5	1	comcap	0
52	1	1	comcap	0
52	2	1	comcap	0
52	3	1	comcap	0
52	4	1	comcap	0
52	5	1	comcap	0
53	1	1	comcap	0
53	2	1	comcap	0
53	3	1	comcap	0
53	4	1	comcap	0
53	5	1	comcap	0
54	1	1	comcap	0
54	2	1	comcap	0
54	3	1	comcap	0
54	4	1	comcap	0
54	5	1	comcap	0
55	1	1	comcap	33612324.21875
55	2	1	comcap	37074714.84375
55	3	1	comcap	58433660.15625
55	4	1	comcap	59930089.84375
55	5	1	comcap	54592535.15625
56	1	1	comcap	43208691.40625
56	2	1	comcap	24533027.34375
56	3	1	comcap	29614187.5
56	4	1	comcap	27939669.921875
56	5	1	comcap	24044957.03125
57	1	1	comcap	19497878.90625
57	2	1	comcap	33788113.28125
57	3	1	comcap	57468503.90625
57	4	1	comcap	61805824.21875
57	5	1	comcap	57140117.1875
58	1	1	comcap	46605992.1875
58	2	1	comcap	36653179.6875
58	3	1	comcap	51555660.15625
58	4	1	comcap	53114082.03125
58	5	1	comcap	47371410.15625
59	1	1	comcap	38682769.53125
59	2	1	comcap	30756208.984375
59	3	1	comcap	43360468.75
59	4	1	comcap	44504859.375
59	5	1	comcap	42454773.4375
60	1	1	comcap	33826722.65625
60	2	1	comcap	30378623.046875
60	3	1	comcap	45198917.96875
60	4	1	comcap	46929031.25
60	5	1	comcap	43554058.59375
61	1	1	comcap	35441875
61	2	1	comcap	37992625
61	3	1	comcap	56930726.5625
61	4	1	comcap	61170925.78125
61	5	1	comcap	56349238.28125
62	1	1	comcap	45340535.15625
62	2	1	comcap	42884968.75
62	3	1	comcap	63490964.84375
62	4	1	comcap	67894023.4375
62	5	1	comcap	64223332.03125
63	1	1	comcap	52092480.46875
63	2	1	comcap	57817187.5
63	3	1	comcap	89053617.1875
63	4	1	comcap	93336718.75
63	5	1	comcap	88505140.625
64	1	1	comcap	72410250
64	2	1	comcap	45240093.75
64	3	1	comcap	57833093.75
64	4	1	comcap	55113335.9375
64	5	1	comcap	50823371.09375
65	1	1	comcap	40112394.53125
65	2	1	comcap	38998441.40625
65	3	1	comcap	60522902.34375
65	4	1	comcap	64901859.375
65	5	1	comcap	60196933.59375
66	1	1	comcap	50190933.59375
66	2	1	comcap	40531238.28125
66	3	1	comcap	57227210.9375
66	4	1	comcap	58475894.53125
66	5	1	comcap	53629273.4375
67	1	1	comcap	43535136.71875
67	2	1	comcap	42077867.1875
67	3	1	comcap	64265242.1875
67	4	1	comcap	68748273.4375
67	5	1	comcap	63715382.8125
68	1	1	comcap	51638296.875
68	2	1	comcap	41064679.6875
68	3	1	comcap	57232324.21875
68	4	1	comcap	58540050.78125
68	5	1	comcap	55058453.125
69	1	1	comcap	44261734.375
69	2	1	comcap	46127550.78125
69	3	1	comcap	72825757.8125
69	4	1	comcap	76642117.1875
69	5	1	comcap	71047984.375
70	1	1	comcap	58047667.96875
70	2	1	comcap	47001386.71875
70	3	1	comcap	66142070.3125
70	4	1	comcap	69095843.75
70	5	1	comcap	62684390.625
71	1	1	comcap	51697000
71	2	1	comcap	47057175.78125
71	3	1	comcap	69622742.1875
71	4	1	comcap	72512242.1875
71	5	1	comcap	66420515.625
72	1	1	comcap	54903062.5
72	2	1	comcap	43688554.6875
72	3	1	comcap	61661683.59375
72	4	1	comcap	64989285.15625
72	5	1	comcap	58725976.5625
73	1	1	comcap	47145414.0625
73	2	1	comcap	42235164.0625
73	3	1	comcap	60148089.84375
73	4	1	comcap	62933984.375
73	5	1	comcap	57871167.96875
74	1	1	comcap	48173257.8125
74	2	1	comcap	45582859.375
74	3	1	comcap	67170351.5625
74	4	1	comcap	68915210.9375
74	5	1	comcap	65663679.6875
75	1	1	comcap	51734902.34375
75	2	1	comcap	38611433.59375
75	3	1	comcap	53734765.625
75	4	1	comcap	55309832.03125
75	5	1	comcap	49630058.59375
76	1	1	comcap	41118144.53125
76	2	1	comcap	42179546.875
76	3	1	comcap	66345515.625
76	4	1	comcap	69046765.625
76	5	1	comcap	66120765.625
77	1	1	comcap	52817101.5625
77	2	1	comcap	43110277.34375
77	3	1	comcap	58737714.84375
77	4	1	comcap	58739851.5625
77	5	1	comcap	54895847.65625
78	1	1	comcap	44811816.40625
78	2	1	comcap	48683886.71875
78	3	1	comcap	76683781.25
78	4	1	comcap	79522843.75
78	5	1	comcap	75199789.0625
79	1	1	comcap	61602636.71875
79	2	1	comcap	46596417.96875
79	3	1	comcap	63869906.25
79	4	1	comcap	63802875
79	5	1	comcap	58991328.125
80	1	1	comcap	25380078.125
80	2	1	comcap	18852859.375
80	3	1	comcap	31207257.8125
80	4	1	comcap	34101156.25
80	5	1	comcap	32541078.125
81	1	1	comcap	27352080.078125
81	2	1	comcap	20892527.34375
81	3	1	comcap	28004355.46875
81	4	1	comcap	29409128.90625
81	5	1	comcap	27006314.453125
82	1	1	comcap	22198988.28125
82	2	1	comcap	15091366.2109375
82	3	1	comcap	20456091.796875
82	4	1	comcap	20980166.015625
82	5	1	comcap	19908558.59375
83	1	1	comcap	16193301.7578125
83	2	1	comcap	13530719.7265625
83	3	1	comcap	20404150.390625
83	4	1	comcap	21377089.84375
83	5	1	comcap	20101433.59375
84	1	1	comcap	16596365.234375
84	2	1	comcap	13169732.421875
84	3	1	comcap	18640265.625
84	4	1	comcap	19140458.984375
84	5	1	comcap	18224146.484375
85	1	1	comcap	14752178.7109375
85	2	1	comcap	14147737.3046875
85	3	1	comcap	21763380.859375
85	4	1	comcap	22577154.296875
85	5	1	comcap	21125476.5625
86	1	1	comcap	17775658.203125
86	2	1	comcap	13289926.7578125
86	3	1	comcap	18441869.140625
86	4	1	comcap	18789458.984375
86	5	1	comcap	17129062.5
87	1	1	comcap	14006415.0390625
87	2	1	comcap	11842805.6640625
87	3	1	comcap	17464976.5625
87	4	1	comcap	18563630.859375
87	5	1	comcap	17315521.484375
88	1	1	comcap	14011104.4921875
88	2	1	comcap	14184007.8125
88	3	1	comcap	22512792.96875
88	4	1	comcap	24439320.3125
88	5	1	comcap	22882439.453125
89	1	1	comcap	19170333.984375
89	2	1	comcap	16285338.8671875
89	3	1	comcap	23880044.921875
89	4	1	comcap	24512613.28125
89	5	1	comcap	22612033.203125
90	1	1	comcap	18501500
90	2	1	comcap	16063784.1796875
90	3	1	comcap	24183810.546875
90	4	1	comcap	25895900.390625
90	5	1	comcap	24313292.96875
91	1	1	comcap	19473974.609375
91	2	1	comcap	11709336.9140625
91	3	1	comcap	14256630.859375
91	4	1	comcap	14376570.3125
91	5	1	comcap	13028983.3984375
92	1	1	comcap	10863326.171875
92	2	1	comcap	15291000
92	3	1	comcap	25796359.375
92	4	1	comcap	28901208.984375
92	5	1	comcap	27397839.84375
93	1	1	comcap	21938722.65625
93	2	1	comcap	17278203.125
93	3	1	comcap	24004742.1875
93	4	1	comcap	24534914.0625
93	5	1	comcap	22347046.875
94	1	1	comcap	18229271.484375
94	2	1	comcap	14079191.40625
94	3	1	comcap	20137894.53125
94	4	1	comcap	20800744.140625
94	5	1	comcap	19500964.84375
95	1	1	comcap	15922366.2109375
95	2	1	comcap	16370465.8203125
95	3	1	comcap	25525974.609375
95	4	1	comcap	27654119.140625
95	5	1	comcap	26074705.078125
96	1	1	comcap	21241533.203125
96	2	1	comcap	15122334.9609375
96	3	1	comcap	20081583.984375
96	4	1	comcap	20342318.359375
96	5	1	comcap	18774957.03125
97	1	1	comcap	15222920.8984375
97	2	1	comcap	22208335.9375
97	3	1	comcap	36052796.875
97	4	1	comcap	39927585.9375
97	5	1	comcap	38783683.59375
98	1	1	comcap	31561253.90625
98	2	1	comcap	21454285.15625
98	3	1	comcap	27761710.9375
98	4	1	comcap	27232476.5625
98	5	1	comcap	25126912.109375
99	1	1	comcap	19892685.546875
99	2	1	comcap	16914517.578125
99	3	1	comcap	25133123.046875
99	4	1	comcap	26645302.734375
99	5	1	comcap	25023232.421875
100	1	1	comcap	20305007.8125
100	2	1	comcap	17572958.984375
100	3	1	comcap	25830845.703125
100	4	1	comcap	26511246.09375
100	5	1	comcap	24788185.546875
101	1	1	comcap	20169685.546875
101	2	1	comcap	21167185.546875
101	3	1	comcap	33320292.96875
101	4	1	comcap	35854562.5
101	5	1	comcap	33562187.5
102	1	1	comcap	27867435.546875
102	2	1	comcap	18801822.265625
102	3	1	comcap	24637919.921875
102	4	1	comcap	24630556.640625
102	5	1	comcap	22608242.1875
103	1	1	comcap	18217761.71875
103	2	1	comcap	17889802.734375
103	3	1	comcap	26752632.8125
103	4	1	comcap	29112640.625
103	5	1	comcap	27101533.203125
104	1	1	comcap	22619027.34375
104	2	1	comcap	15658439.453125
104	3	1	comcap	21693261.71875
104	4	1	comcap	22246660.15625
104	5	1	comcap	20107679.6875
105	1	1	comcap	24423228.515625
105	2	1	comcap	22488585.9375
105	3	1	comcap	34403238.28125
105	4	1	comcap	36959031.25
105	5	1	comcap	33240078.125
106	1	1	comcap	27738341.796875
106	2	1	comcap	29303519.53125
106	3	1	comcap	44765457.03125
106	4	1	comcap	47617714.84375
106	5	1	comcap	44054015.625
107	1	1	comcap	36019449.21875
107	2	1	comcap	22376326.171875
107	3	1	comcap	28334931.640625
107	4	1	comcap	28476992.1875
107	5	1	comcap	25555859.375
108	1	1	comcap	20573269.53125
108	2	1	comcap	20029236.328125
108	3	1	comcap	31292580.078125
108	4	1	comcap	33706214.84375
108	5	1	comcap	31800029.296875
109	1	1	comcap	26697798.828125
109	2	1	comcap	25059710.9375
109	3	1	comcap	37635308.59375
109	4	1	comcap	39618101.5625
109	5	1	comcap	36186414.0625
110	1	1	comcap	29887761.71875
110	2	1	comcap	24722974.609375
110	3	1	comcap	35868437.5
110	4	1	comcap	37096222.65625
110	5	1	comcap	34110554.6875
111	1	1	comcap	27974240.234375
111	2	1	comcap	22345519.53125
111	3	1	comcap	31622228.515625
111	4	1	comcap	34707031.25
111	5	1	comcap	31713863.28125
112	1	1	comcap	26296263.671875
112	2	1	comcap	23052658.203125
112	3	1	comcap	33725535.15625
112	4	1	comcap	34667609.375
112	5	1	comcap	32432511.71875
113	1	1	comcap	26495814.453125
113	2	1	comcap	32634724.609375
113	3	1	comcap	52322296.875
113	4	1	comcap	55955246.09375
113	5	1	comcap	53294945.3125
114	1	1	comcap	43837656.25
114	2	1	comcap	26960373.046875
114	3	1	comcap	34069812.5
114	4	1	comcap	33636464.84375
114	5	1	comcap	29767240.234375
115	1	1	comcap	24809648.4375
115	2	1	comcap	25514957.03125
115	3	1	comcap	40130250
115	4	1	comcap	43144484.375
115	5	1	comcap	40632734.375
116	1	1	comcap	34503832.03125
116	2	1	comcap	28738550.78125
116	3	1	comcap	42492097.65625
116	4	1	comcap	43859648.4375
116	5	1	comcap	39993613.28125
117	1	1	comcap	33582421.875
117	2	1	comcap	22345919.921875
117	3	1	comcap	30470367.1875
117	4	1	comcap	30242218.75
117	5	1	comcap	27852564.453125
118	1	1	comcap	22460351.5625
118	2	1	comcap	21305375
118	3	1	comcap	32048421.875
118	4	1	comcap	34067910.15625
118	5	1	comcap	32064792.96875
119	1	1	comcap	26786291.015625
119	2	1	comcap	22340648.4375
119	3	1	comcap	32253833.984375
119	4	1	comcap	34695804.6875
119	5	1	comcap	32180958.984375
120	1	1	comcap	26073478.515625
120	2	1	comcap	19857765.625
120	3	1	comcap	28074923.828125
120	4	1	comcap	28634992.1875
120	5	1	comcap	26062085.9375
